0.348334 18.4077
21.9547 14.9492
1.07455 14.634
2.65864 26.0883
2.12497 7.54165
29.174 16.3648
27.0103 3.1401
7.65457 18.0259
9.5394 18.7454
20.2681 15.4913
28.9697 15.6758
18.7605 26.2394
22.2819 9.2716
5.9068 19.6938
21.5174 1.05595
16.184 11.8266
8.16343 21.8885
16.5866 20.793
10.6328 25.089
22.3012 14.4545
1.48227 15.0901
17.4194 18.9402
12.4731 7.44854
9.47963 4.75007
22.8514 9.14632
5.02049 0.899448
20.882 19.9152
19.6386 27.6302
21.1966 24.3593
7.03735 22.8447
26.9634 13.6156
25.8777 27.5499
13.2208 22.5845
17.3798 5.21369
12.0624 18.6612
5.82458 12.9627
0.728027 7.77534
15.418 28.1219
22.8768 15.1631
7.7112 26.6704
21.3079 12.0898
1.19497 23.2952
18.6676 20.9127
27.364 28.8581
1.99596 2.95142
24.8582 9.94302
9.43828 12.7251
26.9471 14.4776
25.8126 15.4247
26.1498 13.0288
16.7678 8.11129
4.18403 5.6498
12.7496 15.5542
22.7932 8.85971
20.4073 13.4798
27.5544 8.3804
8.16258 1.61968
2.91333 17.2957
14.8911 26.7784
17.181 1.9233
28.0768 24.7384
5.27506 28.4886
5.18113 7.36607
3.90624 21.0282
4.55811 2.37162
17.1019 10.5161
14.3441 12.0809
20.6946 7.42696
10.5837 23.9103
13.1057 27.326
24.8343 11.6178
17.8902 26.0942
15.5757 20.7359
19.7017 0.699167
21.5132 7.44261
29.8246 14.3008
22.3797 21.5755
0.825599 1.22105
11.2575 22.3152
26.9538 0.292722
13.9513 5.11876
27.2634 27.887
1.168 14.2683
18.4791 19.2455
18.451 14.4293
29.4466 12.8544
10.7979 2.21659
23.4284 27.0985
5.91164 16.1177
19.309 13.1829
3.97765 19.3767
9.48234 23.6693
16.3817 20.1244
3.76898 8.91028
1.00427 3.02117
4.98205 4.64015
22.8172 6.34627
11.8643 6.88566
0.938484 3.04854
6.10255 28.0563
